ramdisk
ramdisk-n16-N1-iter0: 1203.18 1270.70 1224.16 19586.54
ramdisk-n32-N2-iter0: 1195.86 1239.28 1214.21 38854.80
ramdisk-n64-N4-iter0: 1198.68 1281.86 1233.60 78950.32
ramdisk-n128-N8-iter0: 1199.06 1295.21 1235.62 158159.61
ramdisk-n256-N16-iter0: 1193.42 1294.12 1238.32 317010.77
ramdisk-n512-N32-iter0: 1184.58 1297.77 1234.46 632043.04
ramdisk-n1024-N64-iter0: 1180.02 1292.26 1232.92 1262513.58
ramdisk-n2048-N128-iter0: 1152.59 1300.38 1233.89 2527001.40
ramdisk-n4096-N256-iter0: 1149.04 1340.93 1233.84 5053788.53

memcpy
memcpy-n16-N1-iter0: 2197.77 2220.73 2211.98 35391.70
memcpy-n32-N2-iter0: 2206.02 2225.88 2214.62 70867.81
memcpy-n64-N4-iter0: 2201.08 2226.37 2215.91 141818.13
memcpy-n128-N8-iter0: 2059.93 2227.88 2204.32 282163.08
memcpy-n256-N16-iter0: 2198.80 2232.31 2216.54 567435.26
memcpy-n512-N32-iter0: 2198.75 2234.11 2216.13 1134658.34
memcpy-n1024-N64-iter0: 2109.27 2231.48 2215.87 2269047.90
memcpy-n2048-N128-iter0: 2062.67 2336.62 2216.32 4539029.17
memcpy-n4096-N256-iter0: 2083.71 2322.22 2216.23 9077663.05

scrmfs
scrmfs-n16-N1-iter0: 2191.44 2210.98 2204.98 35279.56
scrmfs-n32-N2-iter0: 2191.32 2211.64 2202.93 70493.90
scrmfs-n64-N4-iter0: 2184.96 2211.24 2203.26 141008.35
scrmfs-n128-N8-iter0: 2186.24 2212.14 2202.78 281955.83
scrmfs-n256-N16-iter0: 2187.56 2216.53 2202.44 563825.31
scrmfs-n512-N32-iter0: 2185.25 2214.81 2202.56 1127708.79
scrmfs-n1024-N64-iter0: 2185.52 2217.76 2202.36 2255211.98
scrmfs-n2048-N128-iter0: 2082.72 2217.33 2202.19 4510085.17
scrmfs-n4096-N256-iter0: 2028.48 2307.75 2201.62 9017818.26
