Test PPN Nodes MinMBps MaxMBps AvgMBps AggGBps
ramdisk 1 1 535.54 535.54 535.54 0.52298828125
ramdisk 2 1 258.84 258.84 258.84 0.505546875
ramdisk 3 1 172.59 172.59 172.59 0.505625
ramdisk 4 1 131.29 174.54 145.02 0.566474609375
ramdisk 9 1 57.74 77.78 65.24 0.57341796875
ramdisk 10 1 52.00 70.81 58.31 0.56943359375
ramdisk 11 1 47.31 82.03 57.87 0.62162109375
ramdisk 13 1 40.03 64.98 46.34 0.58826171875
ramdisk 14 1 37.10 55.66 43.28 0.59173828125
ramdisk 15 1 34.62 62.20 43.93 0.643515625
ramdisk 16 1 32.42 53.61 37.97 0.593349609375
ramdisk 17 1 27.99 96.15 36.11 0.599453125
ramdisk 18 1 26.30 61.78 34.53 0.607021484375
ramdisk 19 1 25.05 111.52 35.69 0.66212890625
ramdisk 20 1 23.67 33.82 26.88 0.52505859375
ramdisk 21 1 22.71 96.77 34.78 0.71328125
ramdisk 22 1 21.52 41.79 26.14 0.561650390625
ramdisk 23 1 20.64 84.67 30.59 0.687060546875
ramdisk 24 1 19.72 33.79 23.17 0.5431640625
ramdisk 25 1 19.10 76.14 37.36 0.912080078125
ramdisk 26 1 18.21 26.75 21.26 0.539873046875
ramdisk 27 1 17.61 65.48 26.39 0.695751953125
ramdisk 28 1 16.90 35.45 22.38 0.6119140625
ramdisk 29 1 16.41 96.76 22.30 0.631552734375
ramdisk 30 1 15.78 39.43 19.85 0.58150390625
ramdisk 31 1 15.35 85.30 21.76 0.658623046875
ramdisk 32 1 14.79 25.77 18.77 0.5864453125
ramdisk 33 1 9.90 197.64 23.90 0.77037109375
ramdisk 34 1 9.64 105.43 18.70 0.620830078125
ramdisk 35 1 9.33 67.99 15.34 0.52431640625
ramdisk 36 1 8.95 43.40 13.58 0.47740234375
ramdisk 37 1 8.83 80.14 16.97 0.61330078125
ramdisk 38 1 8.60 63.18 18.26 0.677568359375
ramdisk 39 1 8.38 59.79 19.07 0.72626953125
ramdisk 40 1 8.05 43.28 15.48 0.604658203125
ramdisk 41 1 7.93 138.96 19.23 0.7698828125
ramdisk 42 1 7.76 43.28 13.50 0.5537109375
ramdisk 43 1 7.61 63.45 15.23 0.6395703125
ramdisk 44 1 7.36 32.65 12.51 0.53759765625
ramdisk 45 1 7.19 96.50 13.35 0.586708984375
ramdisk 46 1 7.05 37.93 12.28 0.551455078125
ramdisk 47 1 6.91 27.02 11.01 0.505498046875
ramdisk 48 1 6.71 94.90 14.67 0.6876171875
ramdisk 49 1 6.71 162.32 13.75 0.657919921875
ramdisk 50 1 6.55 51.84 11.56 0.564638671875
ramdisk 51 1 6.41 35.19 11.02 0.548642578125
ramdisk 52 1 6.17 36.43 12.33 0.626015625
ramdisk 53 1 6.12 138.88 15.12 0.78236328125
ramdisk 54 1 6.06 32.81 11.24 0.592685546875
ramdisk 55 1 5.97 41.39 11.85 0.636484375
ramdisk 56 1 5.81 33.92 9.87 0.53953125
ramdisk 57 1 5.72 80.71 11.22 0.624462890625
ramdisk 58 1 5.66 50.02 11.72 0.66388671875
ramdisk 59 1 5.51 67.74 11.13 0.6411328125
ramdisk 60 1 5.39 30.63 9.54 0.5592578125
ramdisk 61 1 5.38 64.35 11.82 0.70421875
ramdisk 62 1 5.28 24.91 9.89 0.59869140625
ramdisk 63 1 5.22 32.33 8.34 0.513408203125
ramdisk 64 1 5.07 96.02 12.36 0.772353515625
memcpy 1 1 7406.16 7406.16 7406.16 7.232578125
memcpy 2 1 5864.63 5867.46 5866.04 11.457119140625
memcpy 3 1 4290.80 4299.89 4294.33 12.581044921875
memcpy 4 1 3231.74 3234.11 3232.81 12.628173828125
memcpy 5 1 2613.03 2622.39 2618.88 12.7875
memcpy 6 1 2187.76 2189.95 2189.19 12.8273046875
memcpy 7 1 1863.33 1865.05 1864.28 12.7441015625
memcpy 8 1 1621.99 1625.68 1623.44 12.683134765625
memcpy 9 1 1467.88 1471.25 1469.45 12.915126953125
memcpy 10 1 1322.32 1328.06 1324.64 12.9358984375
memcpy 11 1 1201.30 1212.18 1204.51 12.93904296875
memcpy 12 1 1100.26 1103.44 1101.68 12.9102734375
memcpy 13 1 1011.73 1017.12 1015.05 12.886337890625
memcpy 14 1 940.86 950.86 944.74 12.916435546875
memcpy 15 1 878.23 886.45 880.92 12.904052734375
memcpy 16 1 823.62 833.23 826.79 12.918623046875
memcpy 17 1 772.52 986.91 786.07 13.050068359375
memcpy 18 1 730.96 734.00 731.86 12.864765625
memcpy 19 1 691.43 927.69 704.67 13.074970703125
memcpy 20 1 657.42 659.73 658.27 12.85677734375
memcpy 21 1 625.87 871.48 638.37 13.091650390625
memcpy 22 1 597.72 599.50 598.35 12.85515625
memcpy 23 1 571.77 828.66 583.62 13.108671875
memcpy 24 1 548.44 550.35 549.18 12.871455078125
memcpy 25 1 524.80 782.04 535.73 13.079453125
memcpy 26 1 506.03 507.94 506.61 12.863125
memcpy 27 1 487.27 743.70 497.36 13.11408203125
memcpy 28 1 470.29 472.27 470.98 12.878291015625
memcpy 29 1 454.10 703.74 463.27 13.119970703125
memcpy 30 1 438.71 440.39 439.29 12.869873046875
memcpy 31 1 424.73 671.03 433.30 13.1175
memcpy 32 1 411.36 413.08 411.93 12.8728125
memcpy 33 1 399.51 954.58 416.80 13.432041015625
memcpy 34 1 387.65 715.82 407.37 13.525849609375
memcpy 35 1 376.72 493.31 387.08 13.23015625
memcpy 36 1 366.29 368.45 366.84 12.8966015625
memcpy 37 1 355.76 895.51 370.83 13.398974609375
memcpy 38 1 347.08 652.87 363.50 13.489384765625
memcpy 39 1 338.14 444.73 346.66 13.2028515625
memcpy 40 1 329.71 331.99 330.19 12.89802734375
memcpy 41 1 321.69 849.57 335.01 13.413330078125
memcpy 42 1 314.00 595.45 327.80 13.445087890625
memcpy 43 1 306.73 403.31 313.85 13.17904296875
memcpy 44 1 299.80 301.63 300.24 12.90091796875
memcpy 45 1 293.18 811.12 305.11 13.408076171875
memcpy 46 1 286.72 548.12 298.48 13.408251953125
memcpy 47 1 280.64 369.88 286.67 13.157744140625
memcpy 48 1 274.83 276.70 275.26 12.902607421875
memcpy 49 1 269.21 767.80 279.77 13.387314453125
memcpy 50 1 263.86 508.01 273.96 13.37703125
memcpy 51 1 258.64 341.19 263.84 13.140400390625
memcpy 52 1 253.70 255.46 254.09 12.9030859375
memcpy 53 1 248.60 727.54 258.01 13.354111328125
memcpy 54 1 244.24 471.22 253.00 13.34197265625
memcpy 55 1 239.64 315.87 244.13 13.112333984375
memcpy 56 1 235.61 237.40 236.00 12.9060546875
memcpy 57 1 231.45 698.87 240.02 13.3605859375
memcpy 58 1 227.48 440.37 235.18 13.320625
memcpy 59 1 223.59 295.16 227.58 13.1125
memcpy 60 1 219.91 221.36 220.28 12.90732421875
memcpy 61 1 216.27 667.92 224.03 13.3453125
memcpy 62 1 212.55 412.50 219.34 13.2802734375
memcpy 63 1 209.41 277.27 212.94 13.101044921875
memcpy 64 1 206.15 207.66 206.50 12.90654296875
scrmfs 1 1 446.71 446.71 446.71 0.436240234375
scrmfs 2 1 446.62 446.71 446.66 0.872392578125
scrmfs 3 1 445.98 446.26 446.11 1.306962890625
scrmfs 4 1 446.76 446.79 446.78 1.745244140625
scrmfs 9 1 445.83 446.42 446.28 3.922353515625
scrmfs 10 1 446.07 446.40 446.28 4.358203125
scrmfs 11 1 446.16 446.42 446.34 4.79466796875
scrmfs 12 1 446.10 446.39 446.26 5.22962890625
scrmfs 13 1 446.07 446.38 446.27 5.665498046875
scrmfs 14 1 446.04 446.40 446.27 6.10130859375
scrmfs 15 1 446.09 446.37 446.25 6.536884765625
scrmfs 16 1 445.96 446.34 446.19 6.971708984375
scrmfs 17 1 400.08 445.83 403.49 6.698642578125
scrmfs 18 1 399.86 400.94 400.49 7.039921875
scrmfs 19 1 399.96 445.80 403.19 7.48103515625
scrmfs 20 1 400.22 401.38 400.71 7.8262890625
scrmfs 21 1 400.07 445.68 402.66 8.257685546875
scrmfs 22 1 400.05 401.02 400.49 8.60423828125
scrmfs 23 1 400.21 445.75 402.44 9.039248046875
scrmfs 24 1 399.89 400.78 400.35 9.38314453125
scrmfs 25 1 399.62 445.70 401.96 9.813369140625
scrmfs 26 1 399.74 400.46 400.02 10.156875
scrmfs 27 1 399.50 445.54 401.61 10.589404296875
scrmfs 28 1 399.28 400.14 399.72 10.929775390625
scrmfs 29 1 398.95 445.09 400.92 11.354228515625
scrmfs 30 1 397.99 399.08 398.55 11.676220703125
scrmfs 31 1 396.75 443.48 398.60 12.067099609375
scrmfs 32 1 393.36 394.06 393.64 12.301337890625
scrmfs 33 1 281.37 445.69 286.66 9.23802734375
scrmfs 34 1 281.37 399.97 288.65 9.58396484375
scrmfs 35 1 281.34 345.14 287.11 9.813486328125
scrmfs 36 1 281.34 281.77 281.69 9.90326171875
scrmfs 37 1 281.33 445.64 286.11 10.33787109375
scrmfs 38 1 281.33 399.81 287.88 10.68314453125
scrmfs 39 1 281.30 345.02 286.52 10.91228515625
scrmfs 41 1 281.15 445.07 285.52 11.432080078125
scrmfs 42 1 280.66 398.50 286.69 11.758583984375
scrmfs 43 1 279.93 343.62 284.85 11.96138671875
scrmfs 44 1 278.86 279.53 279.39 12.00505859375
scrmfs 45 1 276.72 442.96 281.05 12.350751953125
scrmfs 46 1 271.60 393.67 277.60 12.47009765625
scrmfs 47 1 266.15 331.98 271.01 12.439072265625
scrmfs 48 1 260.58 261.49 261.27 12.246806640625
scrmfs 49 1 252.91 441.93 257.45 12.3192578125
scrmfs 50 1 245.27 388.94 251.48 12.27939453125
scrmfs 51 1 235.77 307.08 240.43 11.974423828125
scrmfs 52 1 225.34 226.54 226.27 11.490322265625
scrmfs 53 1 219.08 441.80 223.91 11.58892578125
scrmfs 54 1 213.15 385.47 219.99 11.6012109375
scrmfs 55 1 205.27 284.19 209.99 11.27875
scrmfs 56 1 196.31 197.12 196.81 10.763251953125
scrmfs 58 1 187.51 383.07 194.67 11.0262890625
scrmfs 59 1 181.20 265.54 185.95 10.713837890625
scrmfs 60 1 174.10 174.80 174.48 10.223466796875
scrmfs 61 1 170.73 442.05 175.60 10.460498046875
scrmfs 62 1 167.08 381.20 174.56 10.56935546875
scrmfs 63 1 162.25 249.66 166.79 10.26126953125
scrmfs 64 1 156.10 156.88 156.56 9.784970703125
memcpy_1 1 1 435.11 435.11 435.11 0.424912109375
memcpy_1 2 1 434.98 435.11 435.04 0.849697265625
memcpy_1 3 1 435.01 435.07 435.05 1.274560546875
memcpy_1 4 1 434.97 435.09 435.04 1.69935546875
memcpy_1 5 1 435.01 435.08 435.07 2.124345703125
memcpy_1 6 1 435.01 435.10 435.07 2.54921875
memcpy_1 7 1 434.89 434.98 434.94 2.97322265625
memcpy_1 8 1 434.79 435.08 434.94 3.397998046875
memcpy_1 9 1 434.76 434.93 434.91 3.82248046875
memcpy_1 10 1 434.76 435.01 434.96 4.247646484375
memcpy_1 11 1 434.76 435.02 434.95 4.6723046875
memcpy_1 12 1 434.70 434.95 434.87 5.09615234375
memcpy_1 13 1 434.69 434.92 434.83 5.52033203125
memcpy_1 14 1 434.66 434.90 434.79 5.944453125
memcpy_1 15 1 434.66 434.92 434.80 6.369169921875
memcpy_1 16 1 434.62 434.88 434.75 6.792939453125
memcpy_1 17 1 402.20 434.42 404.44 6.714375
memcpy_1 18 1 401.97 402.62 402.40 7.073359375
memcpy_1 19 1 402.00 434.40 404.05 7.497001953125
memcpy_1 20 1 402.13 402.58 402.38 7.85892578125
memcpy_1 21 1 402.02 434.37 403.86 8.28232421875
memcpy_1 22 1 401.94 402.47 402.23 8.641669921875
memcpy_1 23 1 401.83 434.36 403.54 9.0638671875
memcpy_1 24 1 401.72 402.23 401.99 9.42173828125
memcpy_1 25 1 401.64 434.24 403.28 9.8456640625
memcpy_1 26 1 401.21 402.03 401.60 10.196787109375
memcpy_1 27 1 400.46 433.57 402.06 10.60111328125
memcpy_1 28 1 400.58 401.13 400.82 10.959833984375
memcpy_1 29 1 399.92 432.60 401.38 11.36720703125
memcpy_1 30 1 398.94 399.58 399.26 11.69712890625
memcpy_1 31 1 395.91 425.46 397.22 12.02525390625
memcpy_1 32 1 392.64 393.72 393.21 12.287841796875
memcpy_1 33 1 281.34 434.32 286.25 9.225009765625
memcpy_1 34 1 281.08 402.11 288.46 9.577890625
memcpy_1 35 1 281.32 341.88 286.78 9.8020703125
memcpy_1 36 1 281.33 281.70 281.62 9.900869140625
memcpy_1 37 1 281.31 434.22 285.75 10.32478515625
memcpy_1 38 1 281.30 401.70 287.93 10.684716796875
memcpy_1 39 1 281.27 341.70 286.21 10.900400390625
memcpy_1 40 1 281.27 281.68 281.59 10.999482421875
memcpy_1 41 1 281.15 432.81 285.18 11.41818359375
memcpy_1 42 1 280.74 399.07 286.73 11.760380859375
memcpy_1 43 1 279.97 340.22 284.56 11.949267578125
memcpy_1 44 1 279.48 280.07 279.94 12.028857421875
memcpy_1 45 1 277.09 415.40 280.70 12.33525390625
memcpy_1 46 1 272.52 392.71 278.29 12.50125
memcpy_1 47 1 266.84 330.63 271.50 12.4615625
memcpy_1 48 1 261.52 262.54 262.35 12.297509765625
memcpy_1 49 1 253.99 374.52 257.04 12.299990234375
memcpy_1 50 1 245.81 387.34 252.05 12.306923828125
memcpy_1 51 1 236.90 309.11 242.02 12.053544921875
memcpy_1 52 1 226.47 227.64 227.33 11.54435546875
memcpy_1 53 1 220.47 355.70 223.56 11.57076171875
memcpy_1 54 1 214.81 385.63 221.67 11.689580078125
memcpy_1 55 1 207.04 287.86 211.80 11.375712890625
memcpy_1 56 1 197.65 198.90 198.41 10.85056640625
memcpy_1 57 1 193.06 355.56 196.45 10.935283203125
memcpy_1 58 1 188.85 384.59 196.17 11.11125
memcpy_1 59 1 183.04 270.54 187.91 10.827080078125
memcpy_1 60 1 175.56 176.50 176.07 10.3165625
memcpy_1 61 1 172.12 359.32 175.69 10.465791015625
memcpy_1 62 1 168.74 383.51 176.24 10.670478515625
memcpy_1 63 1 164.03 254.83 168.83 10.387255859375
memcpy_1 64 1 157.77 158.65 158.13 9.883203125
