Test PPN Nodes MinMBps MaxMBps AvgMBps AggTBps
ramdisk 1 1 535.88 535.88 535.88 0.000511054992675781
ramdisk 1 2 535.87 535.88 535.87 0.0010221004486084
ramdisk 1 4 535.87 535.87 535.87 0.00204419136047363
ramdisk 1 8 535.87 535.87 535.87 0.00408838272094727
ramdisk 1 16 535.87 535.88 535.87 0.00817676544189453
ramdisk 1 32 535.87 535.88 535.87 0.0163535594940186
ramdisk 1 64 535.87 535.88 535.87 0.0327071189880371
ramdisk 1 128 535.87 535.88 535.87 0.0654141235351562
ramdisk 1 256 535.86 535.88 535.87 0.130828056335449
ramdisk 1 512 535.86 535.88 535.87 0.261655759811401
ramdisk 1 1024 535.86 535.88 535.87 0.523310260772705
ramdisk 1 2048 535.86 535.88 535.87 1.04661520004272
ramdisk 1 4096 535.84 535.88 535.86 2.09321067810059
ramdisk 1 8192 535.82 535.88 535.85 4.1863355922699
ramdisk 1 16384 535.78 535.89 535.83 8.37232791900635
ramdisk 1 32768 535.50 535.88 535.78 16.743245048523
ramdisk 1 65536 535.46 535.86 535.65 33.4780377006531
ramdisk 1 98304 535.27 535.85 535.56 50.2086843395233
ramdisk 16 1 32.45 55.59 37.00 0.000564632415771484
ramdisk 16 2 32.51 62.46 41.75 0.00127405166625977
ramdisk 16 4 32.45 60.03 38.67 0.00236014366149902
ramdisk 16 8 32.40 70.90 39.82 0.00486063957214355
ramdisk 16 16 32.38 91.53 39.37 0.0096121883392334
ramdisk 16 32 32.38 81.88 39.53 0.0193017101287842
ramdisk 16 64 32.35 129.72 39.48 0.0385590076446533
ramdisk 16 128 32.35 97.25 39.24 0.0766315841674805
ramdisk 16 256 32.35 86.59 39.24 0.153284683227539
ramdisk 16 512 32.35 103.73 39.31 0.307121686935425
ramdisk 16 1024 32.34 110.89 39.35 0.61490608215332
ramdisk 16 2048 32.33 129.72 39.38 1.23056658744812
ramdisk 16 4096 32.31 130.08 39.34 2.45887091636658
ramdisk 16 8192 32.27 120.25 39.36 4.91987713813782
ramdisk 16 16384 32.18 129.63 39.27 9.81772497177124
ramdisk 16 32768 32.14 130.32 39.27 19.6350449466705
ramdisk 16 65536 32.14 141.10 39.27 39.2676372909546
ramdisk 16 98304 32.14 155.30 39.27 58.8985225009918
ramdisk 32 1 14.83 24.12 18.92 0.000577363967895508
ramdisk 32 2 14.79 24.90 18.24 0.0011135196685791
ramdisk 32 4 14.79 37.41 18.93 0.00231083869934082
ramdisk 32 8 14.77 44.27 18.73 0.00457194328308105
ramdisk 64 1 5.08 28.71 9.74 0.00059453010559082
ramdisk 64 2 5.01 72.95 9.50 0.00115974426269531
ramdisk 64 4 5.00 47.28 9.26 0.0022613525390625
ramdisk 64 8 5.03 52.55 9.11 0.0044478702545166
ramdisk 64 32 5.03 105.13 10.04 0.0196073627471924
ramdisk 64 64 5.01 106.12 10.05 0.0392518711090088
ramdisk 64 128 5.01 105.78 9.94 0.0776915454864502
ramdisk 64 256 4.99 105.78 10.12 0.158085403442383
ramdisk 64 512 4.99 119.58 10.14 0.316917610168457
ramdisk 64 1024 4.99 135.59 10.12 0.632312297821045
ramdisk 64 2048 4.97 135.50 10.16 1.27056049346924
ramdisk 64 4096 4.96 118.16 10.11 2.52706512451172
ramdisk 64 8192 4.96 134.26 10.13 5.06621210098267
ramdisk 64 16384 4.95 135.11 10.14 10.1412009429932
ramdisk 64 32768 4.95 135.74 10.17 20.333514919281
memcpy 1 1 7380.89 7380.89 7380.89 0.00703896522521973
memcpy 1 2 7379.54 7381.18 7380.36 0.0140769100189209
memcpy 1 4 7380.50 7381.20 7380.94 0.0281560611724854
memcpy 1 8 7380.20 7381.48 7381.11 0.0563134098052979
memcpy 1 16 7379.83 7383.40 7381.29 0.112629537582397
memcpy 1 32 7378.12 7382.86 7380.77 0.225243072509766
memcpy 1 64 7377.40 7383.69 7380.96 0.450498342514038
memcpy 1 128 7378.01 7383.41 7380.85 0.900982666015625
memcpy 1 256 7378.20 7383.65 7380.97 1.80199375152588
memcpy 1 512 7377.59 7383.53 7380.94 3.60397507667542
memcpy 1 1024 7374.95 7384.55 7380.88 7.20789522171021
memcpy 1 2048 7374.38 7384.48 7380.88 14.4157862377167
memcpy 1 4096 7374.09 7449.21 7386.10 28.8519345474243
memcpy 1 8192 7373.13 7510.56 7418.60 57.9578072071075
memcpy 1 16384 7361.07 7560.28 7449.37 116.396419324875
memcpy 1 32768 7064.32 7511.41 7368.99 230.280863351822
memcpy 1 65536 7195.48 7575.49 7374.98 460.936355981827
memcpy 1 98304 7019.16 7522.17 7377.49 691.639912109375
memcpy 16 1 823.91 832.12 826.53 0.012611837387085
memcpy 16 2 823.36 832.12 826.34 0.0252179908752441
memcpy 16 4 823.43 832.93 826.57 0.0504499626159668
memcpy 16 8 823.25 832.93 826.44 0.100883769989014
memcpy 16 16 823.44 833.38 826.50 0.201783142089844
memcpy 16 32 823.07 833.32 826.54 0.403585910797119
memcpy 16 64 823.52 833.89 826.67 0.807295436859131
memcpy 16 128 823.24 834.20 826.61 1.61446702003479
memcpy 16 256 823.08 835.59 826.61 3.2289269733429
memcpy 16 512 822.79 836.05 826.43 6.45647027015686
memcpy 16 1024 822.76 838.87 826.53 12.9144670677185
memcpy 16 2048 822.66 838.22 827.11 25.847041015625
memcpy 16 4096 822.67 843.60 827.24 51.7022681045532
memcpy 16 8192 821.70 844.88 826.76 103.34466383934
memcpy 16 16384 821.04 844.44 826.36 206.59024435997
memcpy 16 32768 818.60 850.58 825.92 412.957747440338
memcpy 16 65536 813.86 852.84 824.29 824.293237094879
memcpy 16 98304 816.85 848.51 825.46 1238.1929623127
memcpy 32 1 411.86 413.49 412.48 0.0125879192352295
memcpy 32 2 411.81 413.71 412.47 0.0251752853393555
memcpy 32 4 411.85 413.96 412.57 0.0503621864318848
memcpy 32 8 411.71 413.64 412.41 0.100685243606567
memcpy 32 16 411.76 413.85 412.45 0.201392478942871
memcpy 32 32 411.70 413.88 412.46 0.402793169021606
memcpy 32 64 411.72 414.09 412.48 0.805617980957031
memcpy 32 128 411.45 413.98 412.44 1.61110891342163
memcpy 32 256 411.00 414.28 412.25 3.22070460319519
memcpy 32 512 410.66 414.09 412.03 6.43799892425537
memcpy 32 1024 410.61 415.14 412.43 12.8885417175293
memcpy 32 2048 410.46 415.57 412.60 25.7872735309601
memcpy 32 4096 410.39 415.83 412.44 51.5544658374786
memcpy 32 8192 410.09 415.83 412.32 103.080151729584
memcpy 32 16384 410.29 415.93 412.22 206.111059761047
memcpy 32 32768 402.69 417.10 411.79 411.788256845474
memcpy 32 65536 400.12 417.38 411.36 822.711343898773
memcpy 32 98304 400.16 417.43 411.64 1234.93473488808
memcpy 64 1 206.21 207.63 206.36 0.0125951385498047
memcpy 64 2 205.99 207.49 206.18 0.0251682090759277
memcpy 64 4 206.21 207.77 206.42 0.0503947162628174
memcpy 64 8 206.21 207.81 206.40 0.100779333114624
memcpy 64 16 206.17 207.77 206.40 0.201560373306274
memcpy 64 32 206.15 207.78 206.39 0.403109683990479
memcpy 64 64 206.01 207.78 206.37 0.806134243011475
memcpy 64 128 205.75 207.83 206.30 1.61170733451843
memcpy 64 256 205.79 207.82 206.26 3.22277422904968
memcpy 64 512 205.70 208.87 206.45 6.45167574882507
memcpy 64 1024 205.63 209.16 206.31 12.8941268825531
memcpy 64 2048 205.80 209.49 206.48 25.8100775337219
memcpy 64 4096 205.75 209.50 206.47 51.6172492790222
memcpy 64 8192 205.78 209.46 206.49 103.244435815811
memcpy 64 16384 205.71 209.36 206.50 206.497968034744
memcpy 64 32768 205.56 209.08 206.48 412.963900279999
memcpy 64 65536 205.70 209.24 206.49 825.94613694191
memcpy 64 98304 205.74 209.38 206.49 1238.9478867054
memcpy_check 1 16384 7362.96 7561.19 7449.55 116.399179077148
memcpy_check 1 32768 7060.59 7511.45 7369.13 230.285318574905
memcpy_check 1 65536 7196.67 7575.94 7375.11 460.944112110138
memcpy_check 1 98304 7013.89 7522.79 7377.64 691.653375406265
memcpy_check 16 16384 821.28 844.30 826.36 206.589612903595
memcpy_check 16 32768 818.62 850.99 825.92 412.957821359634
memcpy_check 16 65536 816.76 853.02 825.33 825.327602958679
memcpy_check 16 98304 817.03 848.41 825.46 1238.19396761894
memcpy_check 32 16384 410.09 416.36 412.22 206.111614618301
memcpy_check 32 32768 403.41 417.23 411.79 411.789070587158
memcpy_check 32 65536 400.38 417.17 411.35 822.70350197792
memcpy_check 32 98304 399.94 417.48 411.64 1234.92141200066
memcpy_check 64 16384 205.27 209.17 206.28 206.284507198334
memcpy_check 64 32768 205.52 209.11 206.48 412.963991661072
memcpy_check 64 65536 205.40 209.25 206.43 825.702737007141
memcpy_check 64 98304 205.53 209.33 206.49 1238.94787045479
scrmfs 1 1 447.31 447.31 447.31 0.00042658805847168
scrmfs 1 2 447.31 447.31 447.31 0.000853185653686523
scrmfs 1 4 447.31 447.31 447.31 0.00170636177062988
scrmfs 1 8 447.31 447.31 447.31 0.00341273307800293
scrmfs 1 16 447.31 447.31 447.31 0.0068254566192627
scrmfs 1 32 447.31 447.31 447.31 0.0136509132385254
scrmfs 1 64 447.31 447.31 447.31 0.0273018455505371
scrmfs 1 128 447.31 447.31 447.31 0.0546036052703857
scrmfs 1 256 447.31 447.31 447.31 0.109207181930542
scrmfs 1 512 447.31 447.31 447.31 0.218414134979248
scrmfs 1 1024 447.31 447.31 447.31 0.436826982498169
scrmfs 1 2048 447.30 447.31 447.31 0.873649578094482
scrmfs 1 4096 447.30 447.31 447.30 1.74728229522705
scrmfs 1 8192 447.28 447.31 447.30 3.4944979763031
scrmfs 1 16384 447.24 447.31 447.28 6.98873149871826
scrmfs 1 32768 447.18 447.31 447.24 13.9763950538635
scrmfs 1 65536 446.94 447.41 447.17 27.948120059967
scrmfs 1 98304 446.76 447.42 447.17 41.9225177001953
scrmfs 16 1 446.22 446.37 446.34 0.0068105411529541
scrmfs 16 2 446.15 446.36 446.34 0.0136213397979736
scrmfs 16 4 446.14 446.38 446.35 0.0272429656982422
scrmfs 16 8 446.16 446.40 446.35 0.0544858264923096
scrmfs 16 16 446.14 446.40 446.34 0.108969039916992
scrmfs 16 32 446.15 446.39 446.34 0.217939071655273
scrmfs 16 64 446.14 446.39 446.34 0.435881958007812
scrmfs 16 128 446.14 446.40 446.34 0.871748857498169
scrmfs 16 256 446.09 446.41 446.33 1.74347356796265
scrmfs 16 512 446.07 446.40 446.31 3.48680053710937
scrmfs 16 1024 445.98 446.40 446.27 6.97299747467041
scrmfs 16 2048 445.98 447.19 446.65 13.9577502250671
scrmfs 16 4096 445.98 447.18 446.75 27.9215829277039
scrmfs 16 8192 445.72 447.04 446.42 55.8025654125214
scrmfs 16 16384 445.98 447.18 446.68 111.669448566437
scrmfs 16 32768 445.96 447.19 446.66 223.331416101456
scrmfs 16 65536 445.72 447.21 446.53 446.52721786499
scrmfs 16 98304 445.95 447.21 446.67 670.010412683487
scrmfs 32 1 392.71 393.54 393.26 0.0120014381408691
scrmfs 32 2 393.46 394.18 393.84 0.0240378761291504
scrmfs 32 4 393.08 394.93 394.31 0.0481330966949463
scrmfs 32 8 393.38 395.00 394.12 0.0962211799621582
scrmfs 32 16 392.23 394.46 393.60 0.192186784744263
scrmfs 32 32 391.35 394.20 393.45 0.384223928451538
scrmfs 32 64 392.43 395.05 394.26 0.770034284591675
scrmfs 32 128 391.36 395.23 394.26 1.54008262634277
scrmfs 32 256 391.78 395.30 394.29 3.0804029750824
scrmfs 32 512 392.03 395.25 394.22 6.15968420028686
scrmfs 32 1024 391.48 396.05 394.55 12.3298108386993
scrmfs 32 2048 391.92 395.87 394.63 24.6643200206757
scrmfs 32 4096 391.67 395.91 394.55 49.318831911087
scrmfs 32 8192 388.89 395.91 394.58 98.6451976776123
scrmfs 32 16384 390.73 396.01 394.57 197.283007202148
scrmfs 32 32768 383.37 396.01 394.59 394.594670934677
scrmfs 32 65536 390.08 396.09 394.65 789.293264627457
scrmfs 32 98304 385.12 395.96 394.45 1183.34282607079
scrmfs 64 1 156.46 157.07 156.64 0.00956060409545898
scrmfs 64 2 156.40 156.83 156.59 0.0191151237487793
scrmfs 64 4 156.33 157.04 156.57 0.0382260131835937
scrmfs 64 8 156.16 157.06 156.58 0.0764573097229004
scrmfs 64 16 156.13 157.11 156.60 0.152926740646362
scrmfs 64 32 156.21 157.05 156.59 0.305844554901123
scrmfs 64 64 156.25 157.29 156.59 0.611666564941406
scrmfs 64 128 156.16 157.22 156.58 1.22327105522156
scrmfs 64 256 156.11 157.29 156.57 2.44634930610657
scrmfs 64 512 156.15 157.52 156.70 4.89684798240662
scrmfs 64 1024 156.07 157.63 156.73 9.79569458961487
scrmfs 64 2048 155.98 157.29 156.57 19.5708915233612
scrmfs 64 4096 156.00 157.37 156.58 39.1447100257874
scrmfs 64 8192 156.00 157.62 156.70 78.3520086765289
scrmfs 64 16384 155.73 160.81 156.69 156.692368011475
scrmfs 64 32768 155.77 161.98 156.49 312.971153554916
memcpy_1 1 1 435.57 435.57 435.57 0.00041539192199707
memcpy_1 1 2 435.57 435.57 435.57 0.000830793380737305
memcpy_1 1 4 435.57 435.57 435.57 0.00166155815124512
memcpy_1 1 8 435.57 435.57 435.57 0.00332311630249023
memcpy_1 1 16 435.57 435.58 435.57 0.00664633750915527
memcpy_1 1 32 435.57 435.58 435.57 0.0132926940917969
memcpy_1 1 64 435.57 435.58 435.57 0.0265853500366211
memcpy_1 1 128 435.57 435.58 435.57 0.053170690536499
memcpy_1 1 256 435.57 435.58 435.57 0.106341314315796
memcpy_1 1 512 435.57 435.58 435.57 0.21268235206604
memcpy_1 1 1024 435.57 435.58 435.57 0.425363569259644
memcpy_1 1 2048 435.56 435.58 435.57 0.850722732543945
memcpy_1 1 4096 435.46 435.58 435.56 1.70139916419983
memcpy_1 1 8192 435.45 435.58 435.51 3.40240725517273
memcpy_1 1 16384 435.45 435.58 435.50 6.80473010063171
memcpy_1 1 32768 435.41 435.58 435.48 13.6086672592163
memcpy_1 1 65536 435.41 435.90 435.63 27.2270412731171
memcpy_1 1 98304 435.41 435.90 435.64 40.8410213184357
memcpy_1 16 1 434.57 434.60 434.59 0.0066313362121582
memcpy_1 16 2 434.87 434.89 434.89 0.0132717418670654
memcpy_1 16 4 434.57 434.60 434.59 0.0265254592895508
memcpy_1 16 8 434.56 434.61 434.59 0.0530504703521728
memcpy_1 16 16 434.87 434.90 434.89 0.106173677444458
memcpy_1 16 32 434.86 434.90 434.89 0.212347106933594
memcpy_1 16 64 434.86 434.89 434.88 0.42469162940979
memcpy_1 16 128 434.85 434.90 434.88 0.849374532699585
memcpy_1 16 256 434.82 434.90 434.87 1.69871272087097
memcpy_1 16 512 434.79 434.90 434.85 3.39723839759827
memcpy_1 16 1024 434.72 434.90 434.81 6.79393345832825
memcpy_1 16 2048 434.72 435.66 435.18 13.5993290233612
memcpy_1 16 4096 434.72 435.66 435.27 27.2046277999878
memcpy_1 16 8192 434.71 435.66 435.17 54.3964911079407
memcpy_1 16 16384 434.71 435.67 435.21 108.802955369949
memcpy_1 16 32768 434.37 435.42 434.91 217.45370932579
memcpy_1 16 65536 434.47 435.71 435.21 435.209723472595
memcpy_1 16 98304 434.72 435.71 435.21 652.82154045105
memcpy_1 32 1 395.29 395.80 395.51 0.0120699024200439
memcpy_1 32 2 394.64 395.60 395.06 0.0241124057769775
memcpy_1 32 4 393.74 394.93 394.54 0.0481610298156738
memcpy_1 32 8 393.95 395.10 394.59 0.0963358306884766
memcpy_1 32 16 394.66 396.12 395.40 0.193066663742065
memcpy_1 32 32 393.88 396.15 395.43 0.386158266067505
memcpy_1 32 64 394.21 396.23 395.42 0.772299680709839
memcpy_1 32 128 394.05 396.32 395.42 1.54459391593933
memcpy_1 32 256 393.61 396.19 395.37 3.08884394645691
memcpy_1 32 512 393.36 396.31 395.36 6.17750670433044
memcpy_1 32 1024 393.18 397.06 395.74 12.3670095348358
memcpy_1 32 2048 393.34 397.05 395.85 24.7407722187042
memcpy_1 32 4096 392.92 397.26 395.79 49.4733111381531
memcpy_1 32 8192 392.69 397.37 395.74 98.9344267845154
memcpy_1 32 16384 392.74 397.23 395.71 197.85744307518
memcpy_1 32 32768 388.84 397.53 395.86 395.857874507904
memcpy_1 32 65536 383.47 397.12 395.71 791.417856283188
memcpy_1 32 98304 386.09 397.12 395.73 1187.18363837242
memcpy_1 64 1 157.70 157.98 157.81 0.00963205337524414
memcpy_1 64 2 157.69 158.23 157.88 0.0192727279663086
memcpy_1 64 4 157.60 158.71 157.97 0.0385659313201904
memcpy_1 64 8 157.54 158.52 157.91 0.0771042919158936
memcpy_1 64 16 157.48 158.33 157.78 0.154080696105957
memcpy_1 64 32 157.41 158.33 157.79 0.308179063796997
memcpy_1 64 64 157.48 158.51 157.93 0.616933431625366
memcpy_1 64 128 157.52 158.64 157.98 1.23423823356628
memcpy_1 64 256 157.46 158.89 158.09 2.47018469810486
memcpy_1 64 512 157.34 159.05 158.20 4.9437958240509
memcpy_1 64 1024 157.48 159.35 158.39 9.89962947845459
memcpy_1 64 2048 157.47 159.38 158.37 19.7960348701477
memcpy_1 64 4096 157.49 159.28 158.37 39.5918321895599
memcpy_1 64 8192 157.31 159.24 158.22 79.1097867202759
memcpy_1 64 16384 157.27 162.47 158.35 158.351936979294
memcpy_1 64 32768 157.19 163.07 158.29 316.587394800186
memcpy_1 64 65536 157.17 162.36 158.38 633.503122987747
memcpy_1 64 98304 157.34 162.89 158.33 949.996645107269
